"x"
415
463
179
526
195
938
818
118
299
229
244
14
374
665
602
603
768
709
91
953
348
649
355
840
26
519
426
979
766
211
932
590
593
555
871
373
844
143
544
490
621
775
905
937
842
23
923
309
135
821
954
224
166
217
290
581
72
588
575
141
722
865
859
153
294
277
999
41
431
90
316
223
528
116
606
774
747
456
598
854
39
159
752
209
988
994
34
516
13
69
895
755
409
308
278
89
537
291
424
880
